1978 70.0 -99.0 69.8 86.5 44.1 28.6 0.0 0.5 4.3 81.4 69.3 -99.0
1979 192.8 280.7 109.5 65.7 9.0 11.9 2.9 0.0 -99.0 214.9 14.2 29.3
1980 53.5 64.0 -99.0 19.2 71.6 2.8 2.3 20.5 6.1 72.7 87.1 14.1
1981 11.6 34.0 72.0 -99.0 52.9 3.8 -99.0 0.0 26.7 29.8 2.5 258.4
1982 -99.0 92.3 21.8 85.1 6.4 -99.0 8.2 11.0 56.9 23.3 125.6 -99.0
1983 -99.0 -99.0 -99.0 -99.0 50.3 8.6 0.8 2.2 0.3 42.0 -99.0 109.4
1984 40.6 10.6 52.2 46.7 -99.0 22.9 2.3 -99.0 8.1 55.2 134.8 76.9
1985 224.6 169.5 28.1 120.9 36.0 18.1 0.5 -99.0 -99.0 -99.0 137.8 -99.0
1986 -99.0 161.1 28.2 39.0 25.7 6.6 -99.0 3.0 66.8 28.2 92.6 57.7
1987 130.0 169.1 31.4 46.1 0.3 -99.0 1.2 29.5 31.8 107.4 62.1 -99.0
1988 107.7 120.7 8.5 -99.0 58.5 69.4 -99.0 0.0 0.9 81.4 -99.0 20.4
1989 -99.0 80.3 39.1 103.2 53.1 -99.0 -99.0 2.1 -99.0 86.2 221.2 383.3
1990 63.1 10.9 36.3 97.3 21.7 4.4 0.2 2.4 17.4 240.0 98.7 -99.0
1991 64.9 162.0 118.0 53.5 -99.0 0.4 5.3 2.8 -99.0 75.0 32.3 49.4
1992 -99.0 19.0 8.5 63.0 51.4 13.9 0.0 4.0 33.0 70.5 -99.0 78.7
1993 19.6 47.8 42.6 65.9 -99.0 -99.0 -99.0 2.1 74.4 159.0 135.4 17.7
1994 72.1 112.0 -99.0 -99.0 156.0 -99.0 0.8 2.1 1.3 67.4 100.4 44.8
1995 64.9 56.7 20.3 88.4 98.9 7.3 2.4 0.0 29.6 42.8 227.0 257.9
1996 353.9 117.0 78.7 32.2 139.8 0.1 0.6 -99.0 46.8 24.5 -99.0 284.8
1997 155.9 -99.0 47.5 46.6 111.4 -99.0 17.8 13.5 2.3 204.8 376.2 158.1
1998 66.2 65.3 33.2 83.9 52.5 37.9 0.3 -99.0 63.6 14.1 14.2 -99.0
1999 -99.0 10.6 -99.0 33.8 86.8 -99.0 6.5 -99.0 -99.0 213.8 -99.0 72.0
2000 23.8 25.5 17.8 163.0 33.7 0.8 9.1 4.7 18.6 -99.0 174.5 297.1
2001 193.0 75.8 154.9 9.3 -99.0 16.5 -99.0 0.8 60.7 141.0 -99.0 42.1
2002 77.0 16.2 106.7 43.0 -99.0 6.9 0.9 0.2 80.9 105.4 -99.0 161.6
2003 134.5 88.5 -99.0 122.1 -99.0 4.5 -99.0 32.9 7.3 -99.0 132.5 -99.0
2004 150.5 46.1 71.4 38.8 19.8 0.4 0.0 25.3 32.9 115.5 -99.0 25.9
2005 0.0 12.3 39.5 25.3 0.0 1.0 -99.0 3.9 7.0 132.6 170.9 36.2
2006 54.7 75.6 -99.0 -99.0 0.2 -99.0 0.6 3.1 56.5 -99.0 260.2 -99.0
2007 42.6 116.2 18.6 -99.0 -99.0 32.5 3.1 5.4 36.7 18.1 104.4 59.1