1978 11.5 12.8 13.5 13.7 -99.0 18.2 22.5 22.5 -99.0 18.6 14.8 -99.0
1979 12.0 12.5 12.2 -99.0 17.3 20.5 22.6 22.7 21.2 16.7 14.1 12.7
1980 11.6 13.1 -99.0 16.7 16.9 19.8 22.0 23.3 22.6 18.5 13.7 -99.0
1981 -99.0 11.8 14.6 14.6 16.3 22.1 23.5 -99.0 21.9 -99.0 17.4 -99.0
1982 12.4 13.0 14.6 16.5 18.0 -99.0 20.6 23.2 22.2 17.5 -99.0 -99.0
1983 -99.0 10.9 15.7 14.5 15.7 -99.0 21.0 22.4 22.9 19.9 16.6 12.3
1984 11.2 11.7 -99.0 17.4 14.8 20.1 21.9 23.1 21.8 17.9 14.7 12.7
1985 -99.0 13.6 13.4 15.7 16.1 -99.0 22.4 22.7 -99.0 20.4 14.3 -99.0
1986 -99.0 11.9 13.3 -99.0 18.2 20.6 23.5 21.8 22.1 19.8 -99.0 11.9
1987 11.1 12.1 15.5 -99.0 18.6 -99.0 -99.0 23.7 24.2 16.8 -99.0 13.4
1988 12.4 -99.0 14.7 15.3 -99.0 19.4 22.0 22.6 23.5 19.0 15.2 -99.0
1989 10.8 -99.0 15.1 -99.0 18.9 21.6 25.1 -99.0 21.6 20.3 15.6 14.3
1990 -99.0 14.4 15.6 14.7 19.6 20.4 24.3 24.1 22.1 18.4 14.2 10.9
1991 10.8 11.1 13.7 15.1 -99.0 20.8 -99.0 24.7 23.0 17.0 14.4 11.7
1992 -99.0 11.8 15.3 16.3 19.3 18.7 23.2 24.0 20.9 16.3 -99.0 12.6
1993 10.7 -99.0 14.0 14.6 16.3 20.8 23.6 22.7 19.4 16.0 13.6 12.4
1994 11.7 11.7 -99.0 15.6 16.7 21.6 21.8 22.8 21.0 -99.0 15.2 13.2
1995 12.8 13.5 -99.0 17.3 19.4 -99.0 23.5 24.6 20.8 20.4 16.8 13.4
1996 -99.0 11.3 14.0 16.6 17.3 -99.0 23.5 -99.0 20.9 18.7 15.0 12.7
1997 -99.0 14.5 18.4 -99.0 18.1 19.1 22.7 22.6 22.9 20.2 16.0 13.4
1998 12.8 -99.0 -99.0 14.6 17.3 20.5 22.9 -99.0 21.7 18.5 -99.0 11.1
1999 11.3 -99.0 14.8 16.6 18.1 -99.0 23.4 23.0 21.3 18.2 -99.0 -99.0
2000 9.6 14.4 15.8 -99.0 18.1 22.2 22.6 -99.0 -99.0 18.4 14.4 13.9
2001 12.8 13.4 15.0 16.6 17.8 -99.0 21.9 22.8 21.6 18.9 13.7 -99.0
2002 -99.0 13.6 14.9 -99.0 17.0 20.2 22.2 22.5 20.5 19.5 15.5 13.9
2003 11.7 12.2 15.0 15.5 19.5 22.3 -99.0 25.4 23.3 -99.0 -99.0 11.7
2004 -99.0 -99.0 -99.0 16.0 -99.0 23.2 23.6 23.4 22.4 18.7 14.2 11.8
2005 10.8 10.8 14.0 -99.0 18.8 23.0 23.0 25.0 22.9 19.6 14.0 -99.0
2006 -99.0 11.6 -99.0 17.0 -99.0 -99.0 24.3 24.8 -99.0 20.0 16.9 11.7
2007 11.3 13.3 -99.0 16.4 17.9 20.0 22.8 22.6 22.3 19.4 15.0 11.7
